0,20,10,3,15,8,17,17,8,10
20,0,24,19,12,12,7,13,18,21
10,24,0,13,14,14,24,15,6,3
3,19,13,0,16,7,15,18,10,13
15,12,14,16,0,9,15,3,9,10
8,12,14,7,9,0,10,12,8,11
17,7,24,15,15,10,0,18,18,21
17,13,15,18,3,12,18,0,10,11
8,18,6,10,9,8,18,10,0,3
10,21,3,13,10,11,21,11,3,0
